# MT_SHA256=CF5BD26C6D6E0D4F4078950C7E74DB3182DFF613A46F720DDE72BA535515DE1A
# OreDictMaterial_SHA256=768707D5EEEB6B60F0C5D0A24B39AB50F6F173A29A40F0FA3365308CF0688371
# OreDictConfigurationComponent_SHA256=4107C41DF6B00726D4D2B2751175408B59B883E538301065991B38F7D793E1D1
# CS_SHA256=407EDCE9F541BCF34B6573D59E4AE14E477FB9C145439DEDDB831E2A2E2887A5
10|Hydrogen|380|14|20
11|Deuterium|381|14|20
12|Tritium|382|14|20
20|Helium|383|1|4
21|Helium-3|384|1|4
30|Lithium|385|453|1560
31|Lithium-6|386|453|1560
40|Beryllium|387|1560|2742
41|Beryllium-7|388|1560|2742
42|Beryllium-8|389|1560|2742
50|Boron|390|2349|4200
51|Boron-11|391|2349|4200
60|Carbon|392|3800|4300
61|Carbon-13|393|3800|4300
62|Carbon-14|394|3800|4300
70|Nitrogen|395|63|77
80|Oxygen|396|54|90
90|Fluorine|397|53|85
100|Neon|398|24|27
110|Sodium|399|370|1156
120|Magnesium|400|923|1363
130|Aluminium|401|933|2792
140|Silicon|402|1687|3538
150|Phosphor|403|317|550
160|Sulfur|404|388|717
170|Chlorine|405|171|239
180|Argon|406|83|87
190|Potassium|407|336|1032
200|Calcium|408|1115|1757
210|Scandium|409|1814|3109
220|Titanium|410|1941|3560
230|Vanadium|411|2183|3680
240|Chromium|412|2180|2944
250|Manganese|413|1519|2334
260|Iron|414|1811|3134
270|Cobalt|415|1768|3200
278|Cobalt-60|416|1768|3200
280|Nickel|417|1728|3186
290|Copper|418|1357|2835
300|Zinc|419|692|1180
310|Gallium|420|302|2477
320|Germanium|421|1211|3106
330|Arsenic|422|887|1090
340|Selenium|423|453|958
350|Bromine|424|265|332
360|Krypton|425|115|119
370|Rubidium|426|312|961
380|Strontium|427|1050|1655
390|Yttrium|428|1799|3609
400|Zirconium|429|2128|4682
410|Niobium|430|2750|5017
420|Molybdenum|431|2896|4912
430|Technetium|432|2430|4538
440|Ruthenium|433|2607|4423
450|Rhodium|434|2237|3968
460|Palladium|435|1828|3236
470|Silver|436|1234|2435
480|Cadmium|437|594|1040
490|Indium|438|429|2345
500|Tin|439|505|2875
510|Antimony|440|903|1860
520|Tellurium|441|722|1261
530|Iodine|442|386|457
540|Xenon|443|161|165
550|Caesium|444|301|944
560|Barium|445|1000|2170
570|Lanthanium|446|1193|3737
580|Cerium|447|1068|3716
590|Praseodymium|448|1208|3793
600|Neodymium|449|1297|3347
610|Promethium|450|1315|3273
620|Samarium|451|1345|2067
630|Europium|452|1099|1802
640|Gadolinium|453|1585|3546
650|Terbium|454|1629|3503
660|Dysprosium|455|1680|2840
670|Holmium|456|1734|2993
680|Erbium|457|1802|3141
690|Thulium|458|1818|2223
700|Ytterbium|459|1097|1469
710|Lutetium|460|1925|3675
720|Hafnium|461|2506|4876
730|Tantalum|462|3290|5731
740|Tungsten|463|3695|5828
750|Rhenium|464|3459|5869
760|OsmiumElemental|465|3306|5285
770|Iridium|466|2719|4701
780|Platinum|467|2041|4098
790|Gold|468|1337|3129
791|Gold-198|469|1337|3129
800|Mercury|470|234|629
810|Thallium|471|577|1746
820|Lead|472|600|2022
830|Bismuth|473|544|1837
840|Polonium|474|527|1235
850|Astatine|475|575|610
860|Radon|476|202|211
870|Francium|477|300|950
880|Radium|478|973|2010
890|Actinium|479|1323|3471
900|Thorium|480|2115|5061
910|Protactinium|481|1841|4300
920|Uranium|482|1405|4404
921|Uranium-235|483|1405|4404
922|Uranium-233|484|1405|4404
930|Neptunium|485|917|4273
940|Plutonium|486|912|3501
942|Plutonium-240|487|912|3501
943|Plutonium-241|488|912|3501
945|Plutonium-243|489|912|3501
946|Plutonium-238|490|912|3501
947|Plutonium-239|491|912|3501
950|Americium|492|1449|2880
951|Americium-241|493|1449|2880
952|Americium-242|494|1449|2880
960|Curium|495|1613|3383
970|Berkelium|496|1259|2900
980|Californium|497|1173|1743
990|Einsteinium|498|1133|1269
1000|Fermium|499|1125|3000
1010|Mendelevium|500|1100|3000
1020|Nobelium|501|1100|3000
1030|Lawrencium|502|1900|3000
1040|Rutherfordium|503|2400|5800
1050|Dubnium|504|1000|3000
1060|Seaborgium|505|1000|3000
1070|Bohrium|506|1000|3000
1080|Hassium|507|1000|3000
1090|Meitnerium|508|1000|3000
1100|Darmstadtium|509|1000|3000
1110|Roentgenium|510|1000|3000
1120|Copernicium|511|150|357
1130|Nihonium|512|700|1400
1140|Flerovium|513|340|420
1148|Flerovium-298|514|340|420
1150|Moscovium|515|700|1400
1160|Livermorium|516|708|1085
1170|Farnsium|517|673|823
1180|Oganesson|518|258|263
1190|Ununennium|519|290|903
1200|Unbinilium|520|953|1973
1|Photon|531|0|0
2|Neutrino|532|0|0
3|Neutron|533|0|0
4|Proton|534|0|0
5|Electron|535|0|0
4000|Magic|539|0|0
1250|TritaniumElemental|695|2000|3138
1260|Trinium|696|2645|4523
1450|DuraniumElemental|715|1200|2491
1520|Vibranium|722|4852|9415
1740|Naquadah|744|1500|3000
1741|Naquadah-Enriched|745|1500|3000
1742|Naquadria|746|1500|3000
1850|Abyssalnite|757|1500|3000
1860|Coralium|758|2000|4000
1870|Dreadium|759|2500|5000
1880|Ethaxium|760|3000|6000
2210|Atlarus|793|3276|11524
2220|Adamantium|794|5225|14528
2390|Mac-Guffium|811|200|1000
3720|Gravitonium|944|112|1275
8250|Black|989|1000|3000
8251|Red|990|1000|3000
8252|Green|991|1000|3000
8253|Brown|992|1000|3000
8254|Blue|993|1000|3000
8255|Purple|994|1000|3000
8256|Cyan|995|1000|3000
8257|Light Gray|996|1000|3000
8258|Gray|997|1000|3000
8259|Pink|998|1000|3000
8260|Lime|999|1000|3000
8261|Yellow|1000|1000|3000
8262|Light Blue|1001|1000|3000
8263|Magenta|1002|1000|3000
8264|Orange|1003|1000|3000
8265|White|1004|1000|3000
9800|Water|1007|273|373
9811|Semiheavy Water|1008|275|374
9812|Heavy Water|1009|277|375
9813|Tritiated Water|1010|280|377
9814|Steam|1011|273|373
9801|Snow|1012|273|373
9802|Ice|1013|273|373
9803|Fresh Water|1014|273|373
9805|Holy Water|1015|273|373
9806|Sea Water|1016|273|373
9807|WaterDirty|1017|273|373
9808|WaterDistilled|1018|273|373
9809|Hydrogen Peroxide|1019|273|423
9826|Hydrochloric Acid|1020|100|200
9829|Hydrogen Fluoride|1021|189|292
9839|Helium-Neon|1024|12|15
9830|Air|1027|100|200
9837|Nitrogen Monoxide|1028|100|200
9831|Nitrogen Dioxide|1029|100|200
8025|Ammonia|1030|195|239
9825|Nitric Acid|1031|231|356
9838|Carbon Monoxide|1034|100|200
9836|Carbon Dioxide|1035|100|200
9843|Carbon Trioxide|1036|100|200
9832|Methane|1037|100|200
9703|Sugar|1038|459|918
9787|Vanilla|1039|1614|1833
9828|Glycerol|1040|291|563
9821|Glyceryl|1041|287|323
9834|Sulfur Dioxide|1044|100|200
9835|Sulfur Trioxide|1045|100|200
8024|Hydrosulfuric Acid|1046|191|213
9824|Sulfuric Acid|1047|200|400
9844|Disulfuric Acid|1048|200|400
8243|Silver Iodide|1051|831|1779
8011|Hexafluorosilicic Acid|1054|250|381
8003|Carborundum|1055|3000|3100
8000|Silicon Dioxide|1056|1986|3220
8001|Glass|1057|1200|2400
8002|Flint|1058|1986|3220
8007|Hydrogen Borate|1061|364|647
8006|Datolite|1062|603|1107
8234|Vanadium Pentoxide|1065|662|1115
8461|Niobium Pentoxide|1068|824|1497
8462|Tantalum Pentoxide|1071|978|1701
8207|Phosphate|1074|400|800
8026|Tungsten Trioxide|1077|1746|1970
8027|Tungstic Acid|1078|373|1746
8008|Alumina|1081|2345|3250
8010|Aluminium Fluoride|1082|1560|3120
8014|Aluminium Hydroxide|1083|573|1146
9192|Rutile|1086|2041|3560
8413|Titanium Tetrachloride|1087|249|409
9126|Pyrolusite|1090|808|2334
8031|Manganese Chloride|1091|927|1498
9104|Hematite|1094|1207|2414
8030|Ferrous Chloride|1095|950|1296
8017|Ferric Chloride|1096|580|589
8035|Ferric Oxyhydroxide|1097|1207|2414
8018|Magnesium Chloride|1100|987|1685
8016|Magnesium Carbonate|1101|623|3000
8028|Calcium Chloride|1104|1048|2208
8274|Calcium Sulfate|1105|1730|3000
9161|Gypsum|1106|1730|3000
9271|Quicklime|1107|2886|3120
9107|Calcite|1108|1612|3000
9215|Fluorite|1109|1633|3266
8436|Red Fluorite|1110|1633|3266
8437|Pink Fluorite|1111|1633|3266
8438|Blue Fluorite|1112|1633|3266
8439|Green Fluorite|1113|1633|3266
8440|Black Fluorite|1114|1633|3266
8441|White Fluorite|1115|1633|3266
8442|Yellow Fluorite|1116|1633|3266
8443|Orange Fluorite|1117|1633|3266
8444|Magenta Fluorite|1118|1633|3266
8029|Lithium Chloride|1121|880|1655
8033|Lithium Chlorate|1122|400|800
8034|Lithium Perchlorate|1123|509|703
8004|Lithium Oxide|1124|320|1070
8005|Ferrite|1125|593|1218
8032|Lithium Hydroxide|1126|735|1197
8204|Salt|1129|1074|1686
8019|Sodium Nitrate|1130|607|1214
8268|Sodium Hydroxide|1131|596|1661
8039|Sodium Hydrogencarbonate|1132|724|957
8230|Sodium Bisulfate|1133|141|321
9822|Sodium Persulfate|1134|162|372
9823|Sodium Sulfide|1135|376|1009
8269|Sodium Sulfite|1136|306|612
8270|Sodium Sulfate|1137|1157|1702
8231|Sodium Pyrosulfate|1138|674|1348
8013|Sodium Carbonate|1139|1124|2248
8012|Sodium Aluminate|1140|1920|3840
8037|Sodium Fluoride|1141|1266|2532
8009|Cryolite|1142|1285|2570
9804|Saltwater|1143|273|363
8242|Iodine Salt|1146|300|370
8203|Sylvite|1147|1040|1690
8205|Potassium Nitrate|1148|607|1214
8015|Potassium Hydroxide|1149|633|1600
8232|Potassium Bisulfate|1150|136|304
8022|Potassium Persulfate|1151|156|351
8272|Potassium Sulfide|1152|353|927
8021|Potassium Sulfite|1153|306|612
8271|Potassium Sulfate|1154|1342|1962
8233|Potassium Pyrosulfate|1155|598|1196
8020|Potassium Carbonate|1156|1164|2328
8023|Potassium Aluminate|1157|1920|3840
8036|Potassium Fluoride|1158|1131|2262
8038|Potassium Heptafluorotantalate|1159|433|839
9815|Salted Water|1160|273|363
8400|Chloroauric Acid|1163|200|400
8401|Chloroplatinic Acid|1164|200|400
8402|Stannic Chloride|1165|200|400
8403|Black Vitriol|1168|200|400
8404|Blue Vitriol|1169|200|400
8405|Green Vitriol|1170|200|400
8406|Red Vitriol|1171|200|400
8407|Pink Vitriol|1172|200|400
8408|Cyan Vitriol|1173|200|400
8409|White Vitriol|1174|200|400
8410|Gray Vitriol|1175|200|400
8411|Martian Vitriol|1176|200|400
8412|Vitriol Of Clay|1177|200|400
9007|Uranium Tetrafluoride|1180|1309|1690
9008|Uranium Hexafluoride|1181|100|329
9009|Uranium-238 Tetrafluoride|1182|1309|1690
9010|Uranium-238 Hexafluoride|1183|100|329
9011|Uranium-235 Tetrafluoride|1184|1309|1690
9012|Uranium-235 Hexafluoride|1185|100|329
9827|Aqua Regia|1188|200|400
8229|Cobalt Hexahydrate|1189|486|776
9833|Methane Ice|1190|215|315
9820|Nitro Carbon|1191|1931|2188
9810|Lava|1194|1300|4000
9840|Biomass|1195|200|400
9841|Bio Fuel|1196|100|400
9842|Ethanol|1197|100|400
9850|Oil|1198|100|400
9851|Oil Sand|1199|100|400
9852|Crude Oil|1200|100|400
9860|Fuel|1201|100|400
9861|Nitro-Fuel|1202|100|400
9862|Kerosine|1203|100|400
9863|Diesel|1204|100|400
9864|Petrol|1205|100|400
9865|Propane|1206|100|200
9866|Butane|1207|100|200
9867|Propylene|1208|100|200
9868|Ethylene|1209|100|200
9870|Creosote|1210|100|400
9871|Fish Oil|1211|100|400
9887|Whale Oil|1212|100|400
9872|Seed Oil|1213|100|400
9873|Hemp Oil|1214|100|400
9874|Lin Oil|1215|100|400
9875|Sunflower Oil|1216|100|400
9876|Nut Oil|1217|100|400
9877|Olive Oil|1218|100|400
9880|FryingOilHot|1219|100|400
9881|Glue|1220|150|500
9882|Lubricant|1221|150|500
9883|Construction Foam|1222|500|2000
9884|UU-Amplifier|1223|50|500
9885|UU-Matter|1224|50|500
9886|Latex|1225|150|500
8200|Ashes|1228|1000|3000
8201|Dark Ashes|1229|1000|3000
8202|Volcanic Ashes|1230|1755|2887
9112|Chalk|1233|1612|3000
9163|Dolomite|1234|1117|3000
9103|Asbestos|1235|915|1439
9169|Talc|1236|1313|2100
9125|Pyrite|1237|862|1522
9140|Potassium Feldspar|1238|1853|2937
9141|Biotite|1239|1718|2606
9183|Emery|1240|1000|3000
8275|Bark|1243|400|500
8221|Wood|1244|400|500
8222|WoodTreated|1245|500|600
8267|WoodPolished|1246|500|600
8224|WoodRubber|1247|350|450
8418|Bamboo|1248|350|450
8291|Skyroot|1249|350|450
8286|Weedwood|1250|350|450
8289|Livingwood|1251|350|500
8290|Dreamwood|1252|350|550
8414|Shimmerwood|1253|350|550
8296|Greatwood|1254|400|600
8297|Silverwood|1255|450|650
8227|Peanut Wood|1256|350|450
9715|Marshmallow|1257|1000|3000
8223|LiveRoot|1258|1178|2465
8277|Petrified Wood|1259|350|450
8235|Wax|1262|350|700
8236|WaxBee|1263|350|700
8237|WaxRefractory|1264|2600|5200
8238|WaxParaffin|1265|400|800
8239|WaxPlant|1266|350|700
8240|WaxMagic|1267|350|700
8280|WaxAmnesic|1268|350|700
8281|WaxSoulful|1269|350|700
8247|Basalz|1272|1000|3000
8248|Blitz|1273|1000|3000
8210|Blizz|1274|1000|3000
8211|Blaze|1275|4000|8000
8471|Breeze|1276|1000|3000
8225|Ceramic|1279|2000|4000
9243|Clay Brick|1280|2000|4000
8215|Clay|1281|2000|4000
8276|ClayBrown|1282|2000|4000
8455|ClayRed|1283|2000|4000
9153|Bentonite|1284|2000|4000
9154|Palygorskite|1285|2000|4000
9167|Kaolinite|1286|2000|4000
8273|Porcelain|1289|1800|3600
9174|Graphite|1292|1700|4300
8206|Niter|1293|607|1214
8208|Phosphorus|1294|829|1374
8458|Blue Phosphorus|1295|829|1374
8459|Red Phosphorus|1296|829|1374
8460|White Phosphorus|1297|829|1374
8209|Apatite|1298|771|1269
8226|Phosphorite|1299|758|1252
8216|Paper|1300|1000|3000
8217|Rubber|1301|410|820
8218|Plastic|1302|423|846
8196|Teflon|1303|423|846
8197|PVC|1304|423|846
8198|Bakelite|1305|423|846
8199|Hard Plastic|1306|423|846
8219|Bone|1307|1115|1757
8287|Slimy Bone|1308|1115|1757
8220|Gunpowder|1309|2148|2632
8249|Dynamite|1310|343|411
8266|Asphalt|1311|1000|3000
8244|Tallow|1312|350|700
8241|Leather|1313|1000|3000
8228|Indigo|1314|1000|3000
9701|MeatCooked|1317|477|550
9700|MeatRaw|1318|477|550
9710|MeatRotten|1319|477|550
9711|FishCooked|1320|477|550
9712|FishRaw|1321|477|550
9713|FishRotten|1322|477|550
9702|Wheat|1323|1000|3000
9704|Barley|1324|1000|3000
9705|Rye|1325|1000|3000
9706|Rice|1326|1000|3000
9707|Oat|1327|1000|3000
9719|Abyssal Oat|1328|1000|3000
9708|Corn|1329|1000|3000
9709|Potato|1330|1000|3000
9778|Tofu|1331|422|500
9779|Soylent Green|1332|422|500
9780|Cheese|1333|320|500
9781|Chili|1334|1000|3000
9782|Cocoa|1335|1000|3000
9783|Chocolate|1336|313|400
9784|Coffee|1337|1000|3000
9785|Cinnamon|1338|1000|3000
9786|Nutmeg|1339|1000|3000
9795|Peanut|1340|1000|3000
9796|Hazelnut|1341|1000|3000
9797|Pistachio|1342|1000|3000
9714|Almond|1343|1000|3000
9716|PEZ|1344|1000|3000
9717|Licorice|1345|1000|3000
9718|Nougat|1346|1000|3000
9788|PepperBlack|1347|1000|3000
9789|Curry|1348|1000|3000
9790|Milk|1349|273|373
9798|Butter|1350|313|500
9799|Salted Butter|1351|313|500
9791|Honey|1352|273|373
9793|Honeydew|1353|273|373
9792|Tea|1354|1000|3000
9794|Mint|1355|1000|3000
8300|Diamond|1358|4200|4300
8464|Blue Diamond|1359|4200|4300
8465|Green Diamond|1360|4200|4300
8466|Purple Diamond|1361|4200|4300
8467|Red Diamond|1362|4200|4300
8468|Yellow Diamond|1363|4200|4300
8424|Pink Diamond|1364|4200|4300
8423|DiamondIndustrial|1365|4200|4300
8278|Mana Diamond|1366|4200|4300
8279|Elven Dragonstone|1367|4200|4300
8294|Gravitite|1368|4200|4300
8301|Emerald|1371|1803|2851
8323|Aquamarine|1372|1803|2851
8324|Morganite|1373|1803|2851
8384|Heliodor|1374|1803|2851
8385|Goshenite|1375|1803|2851
8386|Bixbite|1376|1803|2851
8387|Maxixe|1377|1803|2851
8304|Sapphire|1380|2345|3250
8302|Ruby|1381|2317|3199
8328|Blue Sapphire|1382|2256|3230
8305|Green Sapphire|1383|2108|2935
8383|Purple Sapphire|1384|2318|3321
8315|Yellow Sapphire|1385|2294|3301
8314|Orange Sapphire|1386|2180|3180
8326|Spinel|1389|1814|2529
8303|Balas Ruby|1390|785|1087
9101|Almandine|1393|1759|2745
9119|Grossular|1394|1655|2538
9127|Pyrope|1395|1626|2479
9129|Spessartine|1396|1715|2625
9102|Andradite|1397|1258|2052
9135|Uvarovite|1398|1295|2033
8309|Red Jasper|1401|1927|3191
8425|Ocean Jasper|1402|1927|3191
8426|Rainforest Jasper|1403|1927|3191
8427|Blue Jasper|1404|1927|3191
8428|Green Jasper|1405|1927|3191
8429|Yellow Jasper|1406|1927|3191
8430|Tiger Eye|1409|1986|3220
8431|Cat's Eye|1410|1986|3220
8432|Dragon Eye|1411|1986|3220
8433|Hawk's Eye|1412|1986|3220
8434|Black Eye|1413|1986|3220
8435|Tiger Iron|1414|1986|3220
8448|Green Aventurine|1417|1986|3220
8446|Brown Aventurine|1418|1986|3220
8447|Yellow Aventurine|1419|1986|3220
8449|Black Aventurine|1420|1986|3220
8450|Blue Aventurine|1421|1986|3220
8451|Red Aventurine|1422|1986|3220
8306|Topaz|1425|1431|2092
8307|Blue Topaz|1426|1431|2092
8308|Tanzanite|1427|1736|2618
8292|Zanite|1428|1736|2618
8417|Amazonite|1429|1853|2937
8388|Alexandrite|1430|1319|2027
8312|Opal|1431|1986|3220
8415|OnyxRed|1432|1986|3220
8416|OnyxBlack|1433|1986|3220
8463|Sugilite|1434|1644|2799
8311|Peridot|1435|1525|2460
8313|Amethyst|1436|1951|3202
8325|Dioptase|1437|1023|1713
8470|Carminite|1438|1000|3000
8310|Amber|1439|473|946
8469|Golden Amber|1440|473|946
8422|Dominican Amber|1441|473|946
8322|Craponite|1442|1000|3000
8321|Jade|1443|1000|3000
8316|Vinteum|1478|1|2
8327|VinteumPurified|1479|1|2
8367|Arcane Ashes|1480|1000|3000
8366|Arcane Compound|1481|1000|3000
8452|Moonstone|1482|1000|3000
8453|Sunstone|1483|1000|3000
8454|Chimerite|1484|1000|3000
8282|Crimson Middle|1487|1000|3000
8283|Green Middle|1488|1000|3000
8284|Aqua Middle|1489|1000|3000
8285|Valonite|1490|1000|3000
8288|Scabyst|1491|1000|3000
8293|Ambrosium|1494|1000|3000
8295|Continuum|1495|1000|3000
8329|AmethystEnder|1498|1625|2669
8318|EnderPearl|1499|2723|3785
8319|EnderEye|1500|3447|4978
8320|Nether Star|1501|3896|5127
8391|Frezarite|1504|1000|3000
8392|Red Meteor|1505|1000|3000
8317|Dilithium|1508|1000|3000
8419|Zircon|1511|1365|2420
8420|Azurite|1512|382|754
8421|Eudialyte|1513|1444|2454
8330|Lazurite|1516|1352|2218
8331|Sodalite|1517|1331|2206
8332|Lapis|1518|1335|2221
8336|Charcoal|1521|1700|4300
8334|Coal|1522|1700|4300
8349|Coal Coke|1523|1700|4300
8362|Anthracite|1524|1700|4300
8363|Prismane|1525|3800|4300
8364|Lonsdaleite|1526|3800|4300
8337|Lignite|1527|1384|1870
8365|Lignite Coke|1528|2866|3866
8390|Petroleum Coke|1529|1700|4300
8360|Peat|1530|1000|3000
8361|PeatBituminous|1531|1000|3000
8335|Hydrated Coal|1534|1541|3863
9175|Graphene|1535|4300|4400
8373|Ectoplasm|1536|400|3000
8342|Firestone|1537|3000|3700
8333|Redstone|1540|500|1500
8340|Nikolite|1541|1500|3000
8341|Glowstone|1544|500|600
8368|GlowstoneCeres|1545|500|600
8369|GlowstoneIo|1546|500|600
8370|GlowstoneEnceladus|1547|500|600
8371|GlowstoneProteus|1548|500|600
8372|GlowstonePluto|1549|500|600
8456|Gloomstone|1550|500|600
8445|Milky Quartz|1553|1986|3220
8346|Nether Quartz|1554|1986|3220
8457|Void Quartz|1555|1986|3220
8393|Sunny Quartz|1556|1986|3220
8394|Lavender Quartz|1557|1986|3220
8395|Red Quartz|1558|1986|3220
8396|Blaze Quartz|1559|1986|3220
8397|Smokey Quartz|1560|1986|3220
8398|Mana Quartz|1561|1986|3220
8399|Elven Quartz|1562|1986|3220
8374|QuartzBlack|1563|2893|3760
8347|Certus Quartz|1564|1986|3220
8348|Charged Certus Quartz|1565|1986|3220
8389|Fluix|1566|1490|2646
8375|Redstonia|1569|500|1500
8376|Palis|1570|1335|2221
8377|Diamantine|1571|4200|4300
8378|VoidCrystal|1572|1700|4300
8379|Emeradic|1573|1803|2851
8380|Enori|1574|1811|3134
8381|Dark Matter|1577|1000|3000
8382|Red Matter|1578|1000|3000
8298|EnergiumRed|1581|1320|2277
8299|EnergiumCyan|1582|1875|3111
8350|Infused Dull|1585|1000|3000
8351|Infused Vis|1586|1000|3000
8352|Infused Air|1587|1000|3000
8353|Infused Fire|1588|1000|3000
8354|Infused Earth|1589|1000|3000
8355|Infused Water|1590|1000|3000
8356|Infused Entropy|1591|1000|3000
8357|Infused Order|1592|1000|3000
8358|Infused Balance|1593|1000|3000
8100|Sand|1618|1000|3000
8104|Red Sand|1619|1000|3000
8105|White End Sand|1620|1000|3000
8106|Black End Sand|1621|1000|3000
8101|Soulsand|1622|1000|3000
8102|Sluice Sand|1623|1000|3000
8103|Platinum Group Sludge|1624|1000|3000
9100|Rare Earth|1625|1000|3000
8338|Monazite|1626|700|1900
8343|Force|1627|1000|3000
8344|Forcicium|1628|1000|3000
8345|Forcillium|1629|1000|3000
8500|Stone|1631|1100|2200
8501|Concrete|1632|500|1000
8502|Netherrack|1633|1500|3000
8503|Nether Brick|1634|1800|3000
8504|Endstone|1635|1200|2400
8214|Obsidian|1636|1300|4000
8599|Bedrock|1637|4000|8000
9219|Prismarine|1639|1000|3000
9220|PrismarineDark|1640|1000|3000
9172|Greenstone|1642|1000|3000
9185|Bluestone|1643|1000|3000
9182|Epidote|1644|1000|3000
9853|Oil Shale|1646|500|1000
8245|Petrotheum|1649|400|2000
8246|Aerotheum|1650|299|300
8212|Pyrotheum|1651|3800|6400
8213|Cryotheum|1652|40|1000
8643|Wrought Iron|1655|2011|3134
8640|Annealed Copper|1656|2800|2835
8760|Alduorite|1659|1567|3134
8761|Infuscolium|1660|1828|3656
8762|Rubracium|1661|1847|3694
8763|Meutoite|1662|1837|3674
8764|Lemurite|1663|1179|2358
8701|Aredrite|1664|2240|4480
8765|Ceruclase|1665|1867|3734
8767|Oureclase|1666|2789|5578
8768|Kalendrite|1667|2679|5358
8770|Carmot|1668|1178|2356
8771|Sanguinite|1669|3104|6208
8772|Vyroxeres|1670|2348|4696
8773|Eximite|1671|2758|5516
8775|Ignatius|1672|1978|3956
8641|Deep Iron|1673|1811|3134
8670|Shadow Iron|1674|2011|3134
8784|Adamantine|1675|5225|14528
8774|Prometheum|1676|1315|3273
8776|Vulcanite|1677|1039|2048
8769|Orichalcum|1678|1357|2835
8676|Astral Silver|1679|1234|2435
8677|Midasium|1680|1337|3129
8678|Mithril|1681|2041|4098
8779|Celenegil|1682|1699|3466
8671|Shadow Steel|1683|1595|2746
8777|Inolashite|1684|1717|3434
8778|Haderoth|1685|1944|3896
8781|Desichalkos|1686|2297|4595
8782|Tartarite|1687|4250|13026
8783|Amordrine|1688|1997|4315
8600|Electrum|1691|1285|2782
8601|Sterling Silver|1692|1258|2515
8602|Rose Gold|1693|1341|3070
8603|Angmallen|1694|1674|3131
8604|GoldInductive|1695|918|2314
8605|Cd-In-Ag-Alloy|1696|752|1940
8606|Gilded Iron|1697|1763|3133
8620|Brass|1700|1160|2835
8621|Cobalt Brass|1701|1202|2870
8622|Aluminium Alloy|1702|949|2808
8610|Bronze|1705|1357|2835
8611|Black Bronze|1706|1328|2813
8612|Bismuth Bronze|1707|1036|2635
8613|Hepatizon|1708|1347|2982
8614|Arsenic Copper|1709|1070|2835
8615|Arsenic Bronze|1710|1357|2835
8630|Steel|1713|2046|3134
8631|Black Steel|1714|1838|3080
8632|Blue Steel|1715|1717|2967
8633|Red Steel|1716|1743|3061
8634|Damascus Steel|1717|2080|3196
8653|VanadiumSteel|1718|2073|3243
8635|Tungstensteel|1719|2870|4481
8638|Tungsten Carbide|1720|3070|6270
8637|HSLA-Steel|1721|1873|3134
8639|HSLA-Spring-Steel|1722|1873|3134
8766|HSLA-Tungsten-Alloy|1723|1873|3134
8642|Pig Iron|1724|2011|3134
8644|IronCompressed|1725|1811|3134
8803|Cast Iron|1726|1811|3134
8645|IronMagnetic|1727|1811|3134
8646|SteelMagnetic|1728|2046|3134
8647|NeodymiumMagnetic|1729|1297|3347
8648|Dark Iron|1730|2246|3134
8651|SteelGalvanized|1731|1910|2938
8652|TungstenSintered|1732|3695|5828
8654|Titanium-Gold|1733|1790|3452
8802|Tantalum Hafnium Carbide|1734|4263|8526
8649|Meteoric Iron|1737|2011|3334
8650|Meteoric Steel|1738|2246|3334
8690|Meteoric Black Steel|1739|1958|3200
8691|Meteoric Blue Steel|1740|1827|3077
8692|Meteoric Red Steel|1741|1853|3171
8660|Red Alloy|1744|1400|2835
8659|Blue Alloy|1745|1400|2435
8657|Purple Alloy|1746|1400|2435
8804|Mingrade|1747|1400|2835
8733|Redstone Alloy|1748|1093|2519
8737|Nikoline Alloy|1749|1593|3269
8658|Electrotine Alloy|1750|1400|3134
8711|Electrum Flux|1751|761|1927
8727|Conductive Iron|1752|1255|2317
8808|Energetic Silver|1753|744|1511
8661|Invar|1754|1916|3151
8662|Constantan|1755|1542|3010
8663|Nichrome|1756|1818|3137
8664|Kanthal|1757|1708|2956
8665|Magnalium|1758|929|2315
8636|Stainless Steel|1759|1943|3029
8666|Ultimet|1760|1980|3331
8667|Tin Alloy|1761|1258|3004
8668|Battery Alloy|1762|660|1989
8669|Soldering Alloy|1763|544|2773
8672|Ironwood|1764|1580|2816
8673|Steeleaf|1765|1023|1567
8674|Knightmetal|1766|2146|3234
8675|Fiery Steel|1767|2934|3634
8698|Fireleaf|1768|2934|3634
8693|Meteoflame Steel|1769|3134|3834
8694|Meteoflame Black Steel|1770|3000|3700
8695|Meteoflame Blue Steel|1771|2877|3577
8696|Meteoflame Red Steel|1772|2971|3671
8697|Flamascus Steel|1773|2996|3696
8679|Thaumium|1774|2311|4134
8680|Dark Thaumium|1775|2311|4134
8681|Void Metal|1776|3000|5000
8682|Osmiridium|1777|3012|4993
8683|Sunnarium|1778|1000|3000
8685|Chromium Dioxide|1779|650|1300
8686|Vanadium-Gallium|1780|1712|3379
8687|Yttrium-Barium-Cuprate|1781|1200|2400
8688|Niobium Nitride|1782|2573|5146
8689|Niobium Titanium|1783|2345|4288
8700|Aluminium Brass|1784|1039|2802
8707|Ardite|1785|1000|3000
8702|Alumite|1786|1565|3780
8703|Manyullyn|1787|1384|3100
8704|Vibranium Steel|1788|2747|4704
8705|Vibranium Silver|1789|2138|4180
8706|Vibramantium|1790|5131|13249
8708|Signalum|1791|1353|2735
8709|Lumium|1792|593|1682
8729|Enderium Base|1793|1071|3070
8710|Enderium|1794|1897|3427
8713|GlowstoneRefined|1796|855|1853
8714|ObsidianRefined|1797|2750|4150
8715|Yellorium|1798|1000|3000
8716|Blutonium|1799|1000|3000
8717|Cyanite|1800|1000|3000
8723|Ludicrite|1801|1000|3000
8724|Yellorite|1802|369|1060
8718|Bedrock-HSLA-Alloy|1803|4000|8000
8731|Obsidian Steel|1805|1374|3913
8725|Pulsating Iron|1806|2367|3459
8728|Energetic Alloy|1807|580|1742
8726|Vibrant Alloy|1808|1750|2763
8730|Electrical Steel|1809|1866|3336
8732|Soularium|1810|1033|3012
8806|Clay Compound|1811|1400|2800
8807|End Steel|1812|1297|3846
8809|Melodic Alloy|1813|2372|4412
8810|Stellar Alloy|1814|2378|4256
8811|Vivid Alloy|1815|1733|2648
8812|Crystalline Alloy|1816|1000|3000
8813|Crystalline Pink Slime|1817|1000|3000
8734|Spectre Iron|1819|1811|3134
8720|Manasteel|1820|2311|4134
8721|Terrasteel|1821|2561|4634
8722|Elven Elementium|1822|2811|5134
8735|Gaia Spirit|1823|3945|6328
8736|Endium|1824|1000|3000
8739|Mauftrium|1825|1811|3134
8740|Elvorium|1826|2811|5134
8741|Niflheim Power|1827|2811|5134
8742|Muspelheim Power|1828|2811|5134
8743|Iffesal|1829|1000|3000
8744|Ancient Debris|1832|2011|3334
8745|Netherite|1833|2246|3334
8746|Netherized Diamond|1834|2246|3334
8747|Efrine|1835|2246|3334
8750|Desh|1838|1602|3634
8780|Workers Alloy|1839|1328|3033
8751|Duranium|1840|1165|2350
8752|Tritanium|1841|1800|2976
8753|Dolamide|1842|1000|3000
8754|Oriharukon|1843|1000|3000
8755|Adamantite|1844|1000|3000
8756|Duralumin|1845|1145|2813
8757|Meteorite|1846|2011|3334
8758|Frozen Iron|1847|1811|3134
8759|Kreknorite|1848|2446|3534
8785|Syrmorite|1849|1337|3129
8786|Octine|1850|2934|3634
8796|HSS-G|1853|2722|4317
8797|HSS-E|1854|2367|3886
8798|HSS-S|1855|2786|4509
8795|Bedrockium|1858|2000|4000
8791|Draconium|1861|4500|9000
8792|DraconiumAwakened|1862|5500|11000
8799|Crystal Matrix|1865|3896|5127
8800|Cosmic Neutronium|1866|100000|200000
8801|Infinity|1867|100000|200000
8805|Unstable|1868|1000|3000
8684|Trinaquadalloy|1871|2518|4159
8790|Trinitanium|1872|2410|4202
8793|Titanium Iridium|1875|2330|4130
8794|Titanium Aluminide|1876|1235|3022
9108|Cassiterite|3700|757|1514
9118|Garnierite|3701|891|1638
9134|Uraninite|3702|504|1528
9122|Magnetite|3703|1811|3622
9003|Basaltic Mineral Sand|3704|1811|3622
9004|Granitic Mineral Sand|3705|1811|3622
9109|Realgar|3707|637|903
9114|Cinnabar|3708|311|673
9123|Molybdenite|3709|1224|2115
9130|Sphalerite|3710|540|948
9131|Stibnite|3711|823|1646
9145|Pentlandite|3712|1097|2024
9111|Chalcopyrite|3713|986|1850
9216|Arsenopyrite|3714|1028|1647
9115|Cobaltite|3715|1014|1669
9117|Galena|3716|784|1850
9116|Cooperite|3717|1677|3238
9132|Tetrahedrite|3718|993|1956
9213|Kesterite|3719|682|1574
9214|Stannite|3720|822|1818
9160|Barite|3721|1853|3706
9110|Celestine|3722|275|455
9128|Scheelite|3724|1358|1621
9217|Wolframite|3725|1326|1555
9194|Ferberite|3726|1474|1850
9195|Huebnerite|3727|1426|1717
9133|Tungstate|3728|1134|1584
9193|Stolzite|3730|1273|1665
9196|Russellite|3731|914|1313
9197|Pinalite|3732|839|1327
9164|Wollastonite|3734|1425|2301
9165|Zeolite|3736|1461|2289
9147|Pollucite|3737|1455|2273
9106|Brown Limonite|3739|1523|3046
9137|Yellow Limonite|3740|1523|3046
9143|Vanadium Magnetite|3742|1236|2368
9148|Tantalite|3743|956|1780
9246|Columbite|3744|822|1601
9247|Coltan|3745|889|1690
9120|Ilmenite|3747|782|1392
9105|Bauxite|3748|2800|5600
9113|Chromite|3749|912|1340
9124|Powellite|3750|704|1171
9136|Wulfenite|3751|618|1215
9144|Bastnasite|3752|847|1395
9155|Pitchblende|3753|845|2333
9156|Malachite|3754|325|669
9210|Bromargyrite|3755|749|1383
9211|Smithsonite|3756|930|1150
9212|Sperrylite|3757|1271|2092
9138|Perlite|3759|786|2186
9159|Trona|3760|698|1310
9157|Mirabilite|3761|440|624
9221|Bischofite|3762|511|810
9139|Borax|3764|434|719
9001|Diatomite|3765|1944|3142
9146|Spodumene|3767|1825|2905
9149|Lepidolite|3768|1162|1769
9150|Glauconite|3769|1166|1652
9152|Vermiculite|3771|1436|2180
9158|Mica|3772|1841|2797
9166|Kyanite|3773|2210|3238
9162|Alunite|3774|740|1114
9005|Garnet Sand|3776|1551|2412
9006|Quartz Sand|3777|1986|3220
9198|Diduranium Trioxide|3779|512|1050
9199|Duranium Hexafluoride|3780|216|428
9200|Duranium Hexachloride|3781|318|560
9201|Duranium Hexabromide|3782|398|640
9202|Duranium Hexaiodide|3783|502|747
9203|Duranium Hexaastatide|3784|664|878
9204|Tritanium Dioxide|3785|702|1106
9205|Tritanium Hexafluoride|3786|331|521
9206|Tritanium Hexachloride|3787|432|653
9207|Tritanium Hexabromide|3788|512|732
9208|Tritanium Hexaiodide|3789|616|840
9209|Tritanium Hexaastatide|3790|778|971
8512|Space Stone|3797|1000|3000
8513|Moon Stone|3798|1000|3000
8514|Moon Turf|3799|1000|3000
8515|Mars Stone|3800|1000|3000
8516|Mars Sand|3801|1000|3000
8528|Sky Stone|3802|2200|4400
8522|Holystone|3803|2000|4000
8521|Livingrock|3804|1800|3600
8523|Deadrock|3805|1800|3600
8519|Betweenstone|3806|1000|2000
8520|Pitstone|3807|1200|2400
8524|Cragrock|3808|1400|2800
8525|Templerock|3809|1600|3200
8526|Mazestone|3810|2000|4000
8527|Castlerock|3811|2000|4000
8517|Umber|3812|987|1974
9190|Shale|3813|1802|3305
8509|Redrock|3814|1802|3305
9177|Komatiite|3815|1673|3346
9000|Pumice|3816|1673|3346
9176|Gabbro|3817|1673|3346
8505|Basalt|3818|1673|3346
8506|Marble|3819|1525|2795
9189|Limestone|3820|1612|3000
9171|Greenschist|3821|1000|3000
9184|Blueschist|3822|1000|3000
9244|Grayschist|3823|1000|3000
9245|Pinkschist|3824|1000|3000
9170|Gneiss|3825|1000|3000
9218|Kimberlite|3826|1000|3000
9180|Quartzite|3827|1000|3000
8507|GraniteRed|3828|1500|3000
8508|GraniteBlack|3829|1500|3000
8518|Granite|3830|1500|3000
9188|Andesite|3831|1000|3000
8511|Diorite|3832|1000|3000
9223|Blackstone|3833|1000|3000
9173|Greywacke|3834|1000|3000
9178|Siltstone|3835|1000|3000
9179|Rhyolite|3836|1000|3000
9181|Migmatite|3837|1000|3000
9186|Chert|3838|1000|3000
9187|Dacite|3839|1000|3000
9222|Slate|3840|1000|3000
9248|Deepslate|3841|1000|3000
9191|Eclogite|3842|1000|3000
9249|PhobosRock|3843|1000|3000
9250|DeimosRock|3844|1000|3000
9251|VenusRock|3845|1000|3000
9252|MercuryRock|3846|1000|3000
9253|CeresRock|3847|1000|3000
9254|JupiterRock|3848|1000|3000
9255|IoRock|3849|1000|3000
9256|EuropaRock|3850|1000|3000
9257|GanymedeRock|3851|1000|3000
9258|CallistoRock|3852|1000|3000
9259|SaturnRock|3853|1000|3000
9260|RheaRock|3854|1000|3000
9261|TitanRock|3855|1000|3000
9262|OberonRock|3856|1000|3000
9263|IapetusRock|3857|1000|3000
9264|UranusRock|3858|1000|3000
9265|TitaniaRock|3859|1000|3000
9266|NeptuneRock|3860|1000|3000
9267|TritonRock|3861|1000|3000
9268|PlutoRock|3862|1000|3000
9269|ErisRock|3863|1000|3000
9270|Kepler22bRock|3864|1000|3000
9300|Oak|3871|400|500
9301|Birch|3872|400|500
9302|Spruce|3873|400|500
9303|Junglewood|3874|400|500
9304|Acacia|3875|400|500
9305|DarkOak|3876|400|500
9306|Crimsonwood|3877|400|500
9307|Warpedwood|3878|400|500
9408|Foxfirewood|3879|400|500
9308|WoodCompressed|3881|400|500
9309|WoodDead|3882|400|500
9310|WoodRotten|3883|400|500
9311|WoodMossy|3884|400|500
9312|WoodFrozen|3885|400|500
9404|WoodScorched|3886|400|500
9405|WoodVarnished|3887|400|500
9407|WoodBleached|3888|400|500
9406|WoodTainted|3889|400|500
9313|Maple|3891|400|500
9314|Willow|3892|400|500
9315|BlueMahoe|3893|400|500
9316|Hazel|3894|400|500
9317|Cinnamonwood|3895|400|500
9318|Coconutwood|3896|400|500
9319|Rainbowood|3897|400|500
9409|BlueSpruce|3898|400|500
9320|Towerwood|3900|400|500
9321|Witchwood|3901|400|500
9322|Ogrewood|3902|400|500
9323|Wyvernwood|3903|400|500
9324|Aspen|3904|400|500
9325|DouglasFir|3905|400|500
9326|Sycamore|3906|400|500
9327|WhiteCedar|3907|400|500
9328|WhiteElm|3908|400|500
9329|Thorntree|3909|400|500
9330|SilverPine|3910|400|500
9331|Alder|3911|400|500
9332|Hawthorn|3912|400|500
9333|Rowan|3913|400|500
9356|Mahogany|3914|400|500
9358|Palm|3915|400|500
9334|Autumnwood|3917|400|500
9336|Cypress|3918|400|500
9337|Fir|3919|400|500
9338|JapaneseMaple|3920|400|500
9339|RainbowEucalyptus|3921|400|500
9340|Redwood|3922|400|500
9341|Sakura|3923|400|500
9342|Balsa|3925|400|500
9343|Baobab|3926|400|500
9344|Cherrywood|3927|400|500
9345|Chestnutwood|3928|400|500
9346|Citruswood|3929|400|500
9347|Cocobolowood|3930|400|500
9348|Ebony|3931|400|500
9349|Giganteumwood|3932|400|500
9350|Greenheart|3933|400|500
9351|Ipe|3934|400|500
9352|Kapok|3935|400|500
9353|Larch|3936|400|500
9354|Limewood|3937|400|500
9355|Mahoe|3938|400|500
9357|Padauk|3939|400|500
9359|Papayawood|3940|400|500
9360|Plumwood|3941|400|500
9361|Poplar|3942|400|500
9362|Sequoia|3943|400|500
9363|Teak|3944|400|500
9364|Walnutwood|3945|400|500
9365|Wenge|3946|400|500
9366|Zebrawood|3947|400|500
9335|Pine|3948|400|500
9367|Darkwood|3950|400|500
9368|Etherealwood|3951|400|500
9369|Goldwood|3952|400|500
9370|Hellbark|3953|400|500
9371|Jacaranda|3954|400|500
9372|Mangrove|3955|400|500
9373|SacredOak|3956|400|500
9374|Magicwood|3957|400|500
9375|Applewood|3959|400|500
9376|Ashwood|3960|400|500
9377|Beech|3961|400|500
9378|Boxwood|3962|400|500
9379|Brazilwood|3963|400|500
9380|Butternutwood|3964|400|500
9381|Cedar|3965|400|500
9382|Elderwood|3966|400|500
9383|Elm|3967|400|500
9384|Eucalyptus|3968|400|500
9385|Figwood|3969|400|500
9386|Gingko|3970|400|500
9387|Hemlock|3971|400|500
9388|Hickory|3972|400|500
9389|Holly|3973|400|500
9390|Hornbeam|3974|400|500
9391|Iroko|3975|400|500
9392|Locust|3976|400|500
9393|Logwood|3977|400|500
9394|Maclura|3978|400|500
9395|Olivewood|3979|400|500
9396|Pearwood|3980|400|500
9397|PinkIvory|3981|400|500
9398|Purpleheart|3982|400|500
9399|Rosewood|3983|400|500
9400|Sweetgum|3984|400|500
9401|Syzgium|3985|400|500
9402|Whitebeam|3986|400|500
9403|Yew|3987|400|500
